dd array:
[389.83120348, 889.90954088, 762.88553604, 291.03429452, 731.50342921,
  63.76799751, 662.37469557,  55.0531131 ,  20.03420749, 474.84450018,
 109.50272384, 372.48022608, 767.22361395, 889.21736422, 888.10548816,
 109.28907611, 326.30577271, 922.34611387, 888.3094927 , 467.04465349,
 740.5189126 ,  61.37738366, 244.76726235, 642.45599626, 559.59933014,
 973.35844618, 248.89786435, 356.99472335, 145.58922703, 591.00353094,
 647.78969966, 565.98620959, 519.7364244 , 225.68783539, 380.77360262,
 246.81132028, 470.03907347, 933.50630537, 232.45782506, 421.78528096,
 225.57912858, 931.60275495,  35.2332174 , 761.49783079, 888.79548229,
 430.38302523,  87.39415344, 177.66767027, 464.23760698, 361.33306187,
 830.42933494, 570.19017529, 392.68848861, 513.04750058, 230.54768792,
 960.5873029 , 723.87326088, 211.37192105,  55.65186545, 573.30806908,
 122.36163287, 928.32664459, 977.53750182, 894.08445517, 850.35076937,
 210.44469608, 884.24352506, 355.49307843, 481.39493568, 566.77988702,
 835.64198381, 470.20728012, 700.97066806, 724.32415085, 183.6103481 ,
 870.56910513, 909.18312198, 613.17496249, 201.57875424, 889.58531651,
 864.10642418, 391.13612585,  42.74200523, 731.09198871, 541.91675393,
 671.83013955, 705.88629097, 318.02527771, 754.21827742, 608.82946354,
 859.02204976, 414.98255898, 736.89164619, 373.59541798, 625.15676021,
 483.80853975, 966.30944719, 796.23023059, 180.8322193 , 262.46849171,
 746.62538108,  91.51052071, 723.41811777, 488.95067072, 671.65288674,
 893.88895565, 566.46330164, 938.35471903, 541.54932944,  23.21486833,
 688.82709204, 899.23821297, 358.51772674, 198.78592149, 164.60119237,
 520.01171191, 993.20829362, 653.76647654, 398.20620207, 511.37330208,
 828.05950031, 585.04437908, 734.23320477, 958.08913067, 283.21126881,
 640.45343667, 455.02042554, 406.49920994, 879.64945682, 272.85047208,
 914.08720737, 885.42840946, 844.13133538, 294.07275006, 447.80801912,
 603.91228288,  72.91135301, 156.97060161, 468.86706678, 248.21598609,
 642.51990195, 576.1898266 , 654.4278587 , 156.27453524, 373.14728454,
 730.87276519, 809.72827486, 487.71841848, 331.67521381, 848.78120151,
 103.53395126, 464.71788951, 276.39945341, 719.87034019, 407.35334173,
 745.72716143, 303.73087427, 688.97141072, 504.1422063 ,  19.65434318,
 994.9392638 , 430.90845532, 414.67813496, 792.77824882, 387.54271765,
  91.33191384, 285.86341454,  55.54703102, 503.93065311, 776.81288498,
 826.30375101, 325.22070418, 148.65779206,  24.42663793, 335.74481851,
 679.30575113, 619.43239459, 160.13588632, 423.79065538, 738.38644132,
 511.23046287, 507.45370863, 950.23609145, 142.80375288, 916.36265526,
 307.41282817,  92.23681252, 953.09973757, 624.53277644, 882.24382437,
 507.92570024, 347.45341569, 139.65172998, 142.90818434, 149.91085449,
 831.61514137,  88.61391851, 778.18275575,  52.22303599, 979.84599448,
 135.53203983,  27.24011966, 281.97482034, 872.38625691, 162.63499726,
 883.83956271, 649.446298  , 320.45311527, 280.32613578, 953.89678751,
 727.35384944, 632.93448481, 699.30684784,  84.87640372, 953.67519849,
 428.12429415, 305.08429859, 805.34906689, 673.38234433, 868.41487813,
 854.64599102, 403.00305285, 809.78911776, 888.35189296, 196.00307984,
 500.00268456, 614.32706786, 533.26123306, 815.01269566,  36.71922302,
 763.31374054, 658.69748849, 785.87383278, 850.95770945, 150.14334178,
 142.33272614, 685.17688915, 229.01041926, 451.37027641, 421.635925  ,
 564.29833266, 324.73857044, 722.23159156, 683.93237607, 954.71206481,
 140.25047155, 812.14149997, 336.43814549, 502.24977759, 514.83332395,
 987.77556398, 703.58713187, 837.90787686, 823.03586077, 758.10444942,
  40.7319759 , 988.00891576, 230.54580116, 242.13081928, 718.88546174,
 338.26692262, 877.3780381 , 272.06846177, 587.43855223, 646.20266909,
 458.74137978,  40.03249226,  99.87558274, 431.54005552, 378.53193197,
 926.45149658, 738.65886897, 508.1207663 , 399.40200911, 786.81808413,
 953.66974349, 784.50432134, 420.3274604 , 650.71725651, 215.2865755 ,
 465.55107917, 892.61875373, 709.42151046,  31.99482292, 940.56704533,
 534.78481201, 782.02210902, 333.9188973 , 419.88670962, 872.2335669 ,
 752.95113439, 920.94310007, 893.11803129, 764.84708346, 109.11439474,
 189.60647732, 972.0176561 , 555.91926255, 879.03300246, 524.93412948,
 807.68794833, 352.47604402,  29.7575738 , 762.47913012, 507.66731762,
 878.10848691, 830.57256744, 546.21303397, 690.30837879, 755.51035771,
 725.33277999, 232.4779124 , 538.45237394, 750.36828239, 556.06813684,
 802.59620689, 245.72768814, 958.50565913, 505.6872196 , 498.09912459,
 702.58191746, 750.04848034, 430.0947838 , 830.33076755, 581.13896192,
 696.91412096, 185.28354819, 459.79436031, 546.59444527, 997.96257464,
 260.28414922, 479.04189737, 327.42655276, 994.68456873, 280.40945514,
 480.35403665, 996.72234536, 418.46029544, 545.39072355, 531.14913546,
 486.90805014, 643.64135006,  24.98890373, 733.01328973, 248.60174316,
 275.95667821, 465.17596021, 852.0638214 ,  39.25452965, 676.1410311 ,
 307.11103619,  56.26225291, 787.29398706, 280.51828939, 335.518955  ,
 601.42419648, 553.2284652 ,  21.48325235, 675.7922462 , 398.21160561,
 918.46126977, 324.38879555, 107.59347375, 643.95637606, 791.09372242,
 723.67231644, 726.36559369, 275.81340893, 796.34552105, 126.42580493,
 286.30858961,  28.66104153, 197.57587284, 808.0604765 ,  13.78786989,
 387.37206296, 820.98389042, 366.44711063, 405.33040462, 817.92992829,
 284.09755775,  57.10229878, 862.19129865,  68.81573347, 170.57007379,
 391.32629427, 757.71440096, 492.84395333, 136.96183439, 211.18051756,
  85.1392984 , 159.64896866, 206.01074243, 266.36096677, 317.01388698,
 120.64016625,  78.28474258, 843.13257339, 221.523684  , 844.39057479,
 397.63168033, 957.58757013, 405.92200901, 251.88954405,  17.17522355,
 325.16512836,  12.71602951, 147.13883494, 207.29739181, 985.16422186,
 566.89432141, 577.90977207, 628.83569288, 132.49506623, 433.64937121,
 587.39195007, 709.15764547, 932.42598244, 822.80757203, 413.5296994 ,
  37.15676684, 674.06671541, 870.67408628, 889.80698482, 709.19381537,
  25.46114115, 646.75168779, 293.64649649, 166.06623046, 296.67329725,
 231.35717432, 374.54486941, 798.77062331, 172.35004533, 679.77472289,
 628.5469353 , 282.60342198, 889.79530815, 950.66454193, 792.61109803,
 213.55151795, 843.23141257, 813.35033449, 197.40093701, 855.48232121,
 547.34811861, 848.58900939, 414.99438194, 830.7594412 , 630.1485103 ,
 910.47216837, 992.26429877, 489.36508595, 482.20693814, 747.10915745,
 917.249289  , 367.4339206 , 374.24164469, 748.10398356, 145.28279503,
 878.16688729, 624.91960705, 190.65225046, 393.98688964, 911.28576848,
 320.0813942 , 224.54305941, 522.16481466, 622.17265902, 693.03192058,
 881.11742289, 689.95549479, 916.77278435, 498.56362805, 867.50929052,
 418.3659508 , 824.48053393, 380.69486199, 225.95866992, 819.11434425,
 319.18652331, 340.68358667, 642.18016552, 641.91216865, 453.1089326 ,
 692.07619874, 211.12895064, 811.01481225, 556.60627041, 231.8781671 ,
 301.17456718, 285.37257644, 948.08493407,  91.04703573, 887.20108353,
 843.55958534, 185.25866859,  70.96885737, 823.82587642, 257.70026196,
 652.42541366, 330.02421477, 387.26763793, 812.69119091, 437.68950248,
 289.22343589, 828.27563261, 295.95816128, 927.2476078 , 142.52712606,
 770.71507289, 924.99809013, 209.46735262, 738.88279083, 856.8863824 ,
 726.91877645, 606.37365191,  22.93825244, 671.11137259, 113.31022398,
 957.9695833 , 900.66763557, 110.57849046, 114.58486998, 719.55123101,
 521.81221443, 338.32856497,  78.77275953, 618.59466367, 350.25090091,
  13.91207321, 909.30943021,  92.68540153, 374.03962513, 743.32737571,
 737.11631162, 591.13829088, 189.44897149,  74.43540176, 308.89668145,
 919.44274883, 957.61575912, 156.6581456 , 934.15127225, 765.74224027,
 458.4469194 , 330.88402921, 157.88744518, 683.55850663, 772.75704308,
 978.88377048, 903.45061963, 762.50629755, 190.67112792, 883.61340053,
 747.57824966, 850.7431855 , 204.25496966,  91.4572993 , 470.49506107,
 907.27444415, 888.25536429, 380.13400998,  58.25403544, 749.65821593,
  12.1351812 , 672.5288761 , 636.69366612, 263.67344625, 387.65416034,
 741.38972883, 904.94201302, 667.80385109, 466.08675999, 805.46416172,
 152.18501363, 127.77643742, 498.3712056 , 862.67981098, 724.83173017,
 267.70106177, 545.59114627, 476.40556589, 624.95734083, 208.79856625,
 112.64959699,  39.75490435, 294.28899177, 626.75807097, 196.2025129 ,
 831.64163422, 764.93171775, 700.15165942, 795.28727903,  30.60981395,
 887.37127521, 553.01649802, 440.17297839, 534.2942442 , 682.55872067,
 669.99025996, 984.04823273, 705.55208702, 153.06473262, 595.01057163,
 246.64299332, 329.67624642, 424.8139628 , 951.55265326, 451.0444146 ,
 350.01369326, 151.37883632, 501.35826029, 908.81146077, 428.25431726,
 510.20478103, 353.70533573, 796.46024948, 115.07508129, 759.38702192,
 936.90042913, 465.95138536, 559.77788212, 427.29121314,  51.20622241,
 543.84053355, 567.10619646, 536.7283808 , 211.71749418, 131.96107473,
 806.30433969, 306.39449619, 162.92321529, 338.5886412 , 243.21346311,
 515.73489652, 522.51899556, 764.05896067, 326.88129131,  30.37739323,
 191.26305453, 895.81015842, 103.51927149, 862.25349772, 296.19494938,
 768.93497613, 804.90262371, 615.07587395, 595.74254055, 702.3254953 ,
  29.446336  , 245.53410837, 545.28168621, 393.76189119, 946.07077322,
 833.38725655, 800.80746631, 739.79996338, 529.31483531, 750.30926499,
 910.76421499, 929.45672912, 562.70191826,  16.43106122, 184.02392686,
 174.8596692 , 617.01900742, 103.04881088, 764.17129713, 504.7970998 ,
 566.25160919, 141.03721438, 970.28156593, 562.2994568 , 614.5343138 ,
 141.13680544, 488.23775472, 798.43532773, 736.66525543, 559.19454713,
  13.27382698, 707.20234232, 276.87060242, 248.02349043, 136.02017654,
  16.53822495, 626.66348321, 826.87956265, 826.58749087, 894.89847994,
 555.70632365, 317.81494459, 386.68365319, 510.73320689, 142.1426978 ,
 843.88470569, 939.61648835, 574.5767315 , 530.72391022, 833.21018482,
 964.34010419, 870.02085948,  56.58997884, 395.72980175, 958.3293696 ,
 995.8218893 , 407.86526907,  11.54328817, 716.98254619, 245.79145383,
 510.43692292, 787.95032757, 290.66828636, 256.79206347, 939.70839967,
 870.16618556, 333.96651035, 238.71480962, 462.4814391 , 776.40900928,
 471.06053171, 105.98297444, 939.09270562, 742.05683367, 870.55258284,
 318.21532906, 306.93084913, 130.63629884, 659.1425918 , 866.93122107,
 756.83571958, 488.56298308, 846.64236308, 320.47000767,  42.99528061,
  30.67082914, 155.93777214, 609.27529739, 381.38234335, 409.45073549,
 725.13270941, 813.90978917, 614.29620472, 696.94801194, 395.22771247,
 815.68557263, 644.65301579, 992.57364876,  47.06576923, 966.26361418,
 944.07125415, 544.88949182, 982.1768386 , 678.70214968, 659.67998429,
 122.59344122, 392.84002839, 148.12298709, 406.82685326, 773.00767448,
 442.58766275, 730.0425177 , 531.70971957, 666.11935935, 172.9335867 ,
 329.79253673, 421.63771552, 157.42670489, 487.27452501, 767.0939006 ,
 341.07874326, 474.53737117, 114.43643102, 385.58743501, 373.78131561,
 528.95070064, 676.40715386, 595.59626187, 572.12493161, 752.91429945,
 672.43865117, 668.4481543 , 204.33138502, 180.57997919, 638.62155226,
  74.32075951, 206.55490855, 780.2500206 , 428.62803322, 960.86065205,
 323.96441458, 559.6240145 , 181.44788322, 331.51464739, 160.88468467,
 167.46012328, 637.13551372, 820.56079292, 711.65516783, 523.96639808,
 856.70403185, 429.30099159, 905.02161554, 337.74519527, 920.89661141,
  68.55479403, 781.32980119, 646.97809518, 640.88592778, 398.69370676,
 547.82439761, 630.31025221, 791.17131996, 845.87457351, 367.95162561,
 528.11631003, 965.66383449, 934.08667071,  35.56051739, 121.67317194,
 420.34649497,  59.3181174 , 266.63409649, 889.80254655, 515.2483683 ,
 918.04093679,  38.84843652, 740.66149248, 482.08371013, 354.98113238,
 845.45153133, 114.22485987, 520.46744449, 180.31784996, 448.63956044,
 923.9682552 , 967.31604685, 735.29111629, 114.51018297,  13.33904331,
 690.94541494, 544.4474979 , 583.70423519, 642.68205103, 913.14768693,
 479.43429421, 494.02997965, 933.7689102 , 857.59952591, 398.97439793,
 796.70616399,  42.61155228, 114.89972361, 215.58583992, 741.09558137,
 458.71196798, 684.97696728, 378.26025823, 616.11170311, 836.54347705,
 572.76269958, 411.82031975, 420.97562447, 935.19044257, 456.16967045,
 929.3599189 , 916.52293929, 664.27013821,  56.41344478, 637.70754057,
 765.86665709, 477.76231789, 181.76317551, 203.58825599, 598.87890261,
 209.91158289, 634.69487671, 826.12659788, 193.22534461, 460.60994732,
 874.67948187, 169.09799796, 538.39978727, 311.89448494, 296.6669162 ,
 102.42667391, 904.54224677, 541.50570834, 187.30434198, 403.81359733,
 368.64950585, 896.25324034, 671.35402289, 625.92483574, 553.7091608 ,
 642.4806232 , 320.74901542, 190.19378179, 440.73760236, 367.62639172,
 277.24888299, 835.13702061, 296.69722602, 492.76295839, 933.61561397,
 697.46463672, 861.49170575, 437.78981744,  82.68616084, 755.63340943,
 609.01225374, 587.33281961, 121.77627906, 828.13324678, 476.25458718,
 940.95545701, 621.12326183, 734.02848659, 351.36691585, 964.98306489,
 568.13908408, 140.31452096,  24.16935098, 752.51326049,  11.78903832,
  72.94390527, 611.48569539, 792.96703231, 389.98574781, 379.98338558,
 265.70361309, 361.20964982, 711.8291141 , 880.56996004, 391.87096238,
 330.40549832, 798.07075991, 724.70939102,  19.91527066, 652.35248128,
 303.99204867, 425.66881842, 465.55686307, 264.03358035, 858.35586544,
 500.17386865, 719.85531648, 632.88843388, 106.88725604, 295.38590596,
 991.24583276, 943.32265039, 408.66287404, 464.37508597, 599.91488753,
 620.27171288, 402.43469351, 975.86356441,  36.39752619,  95.54961609,
 310.40861791, 340.03359475, 315.15728605, 295.13492172, 490.5176114 ,
 188.7485534 , 184.65563563, 499.46876186, 590.35829954, 482.60330292,
 328.69663287, 554.34141658, 811.37412464, 887.71449228, 328.71519626,
 578.2024443 , 749.85315919, 153.26198261, 194.15454239,  12.67699045,
  51.61007327, 121.17384458, 872.10158902, 969.50990355, 859.36059489,
 137.46199249, 669.95070222, 935.67712678, 837.40663447, 552.47881714,
 861.32512976, 744.98381184, 252.40681355, 557.47451954, 893.07300674,
 707.2029664 ,  69.43235789, 779.04864354, 386.89508972, 945.70900731]

ll array:
[ 3.90525953e+01, -1.95234360e+01,  3.12205656e+01, -3.35958518e+01,
 -1.39785954e+01, -2.55158520e+01,  2.28042303e+01,  3.33246122e+01,
 -3.18010608e+01,  2.56881350e+01, -3.03915863e+01, -3.89531024e+01,
  1.26225295e+00, -8.00552192e+00, -2.73879671e+01, -5.54745285e+00,
 -1.60937157e+01, -6.31759598e+00,  3.37043407e+01, -1.82370215e+00,
  4.62151984e+01, -3.27449345e+01,  4.86575739e+00,  2.77241312e+01,
 -1.36840338e+01, -1.89943379e+01, -3.99213905e+01,  4.52216673e+00,
 -3.47213855e+01,  9.23362594e-01, -4.79152328e+01, -1.17645099e+01,
  4.74119528e+01, -2.88745510e+01,  3.73209233e+01,  4.40607273e-02,
 -4.44456166e+01, -3.48260127e+01, -1.36948694e+01,  1.83258340e+01,
  5.10490719e+00,  2.69475063e+01,  1.14703603e+01,  3.13765085e+01,
 -1.89244535e+01,  1.29384122e+01, -1.08321811e+01, -4.66132442e+01,
  3.31016474e+01, -3.42872308e+01, -1.05369808e+01,  4.35747212e+01,
 -3.58568462e+01,  4.64543389e+01, -4.99462286e+01,  2.80969408e+01,
 -3.69853542e+01,  3.55204104e+00,  1.37363287e+01,  1.98639299e+01,
 -2.38642188e+01,  1.19312204e+01,  7.94315954e-01,  3.67741090e+01,
  1.00300274e+01,  3.03907448e+01,  5.02891662e+00,  2.02437678e+01,
 -4.96426504e+01,  2.93489642e+01, -1.79960512e+01,  2.25748367e+01,
  3.10357602e+01,  1.53330268e+01,  2.15722663e+01,  3.41314659e+01,
 -3.72324527e+01,  5.59408745e-01, -3.12010509e+01, -2.34048025e+01,
 -2.56052992e+01,  1.45538182e+01,  2.80553997e+01, -4.98817371e+01,
  4.04467008e+01,  9.26933102e+00,  1.60573079e+01, -4.14086808e+01,
 -4.68390883e+01, -1.61662904e+00,  1.38423533e+01, -4.08731129e+01,
  3.50765457e+01, -9.30168688e+00,  5.71193914e+00, -3.24861596e+01,
 -7.05341073e+00,  3.09262097e+01,  4.18156116e+01,  4.01725514e+01,
 -1.48988467e+01, -9.85497828e+00,  6.01730137e+00,  4.03429729e+01,
  2.93781910e+01,  3.38127422e+01,  1.96141366e+01,  2.29137150e+01,
  1.11180223e+01, -1.13246542e+01, -3.42796585e+01, -2.78674563e+01,
 -4.17087396e+01, -2.49713468e+01,  2.54998998e+01, -1.72558976e+01,
  5.92553268e+00, -4.39798216e+01, -4.36769435e+01, -4.94483736e+01,
  3.70788500e+01, -2.34360593e+01,  4.53314209e+01, -1.45684298e+01,
  3.41017441e+01, -3.24741649e+01, -1.24387833e+01,  3.13173702e+01,
  1.84317165e+01,  1.34755753e+00, -1.32488169e+01, -4.37904599e+01,
 -2.97467042e+01, -1.92187871e+01,  4.68130270e+01, -2.21409319e+01,
  4.55544260e+01,  3.23981013e+01, -4.67754143e+01,  1.69002652e+01,
 -1.86899152e+01,  4.64251886e+01,  1.60694581e+00, -1.72021250e+00,
 -9.06293873e+00, -1.90416838e+01,  4.60344487e+01,  2.69020656e+00,
  4.92318295e+01, -4.56213762e+01, -3.40440467e+01,  4.97774310e+01,
 -4.23187447e+01, -4.75166734e+01,  3.63439118e+01, -1.09285332e+01,
 -1.26741790e+01, -4.04037656e+01, -2.82296051e+01,  2.69407988e+01,
  2.01395437e+01,  4.12302372e+01,  4.06468268e+01,  3.72000126e+01,
  3.24649211e+00,  4.63527551e+01,  1.86294922e+01, -4.23530301e+01,
  3.45422187e+01, -2.30415177e+01, -3.57235281e+01,  1.56264466e+01,
  1.91673622e+01, -4.50193894e+01,  1.92929612e+01,  4.31683970e+01,
  3.27290492e+01, -3.36303507e+01, -1.33495555e+01,  7.75519197e+00,
  3.51476208e+01, -1.30236357e+01, -4.62584016e+01,  2.47409103e+01,
 -4.21804228e+01, -1.51284286e+01,  4.49632398e+01,  1.75215668e+01,
 -4.92209107e+01,  2.95333756e+01,  3.14221988e+01, -2.71901301e+01,
  4.05666357e+01,  1.22842641e+01,  4.22084679e+01, -2.22509170e+01,
  1.91239128e+01, -6.14300565e+00, -5.36698805e+00,  3.02527239e+01,
  6.30210837e+00, -4.21715433e+01, -4.16253758e+01, -4.23291414e+01,
 -3.06611447e+01,  2.84675976e+01, -2.33988130e+01,  4.69229656e+01,
  1.54419121e+01,  2.81754590e+01,  2.90418219e+01,  2.66883837e+01,
 -1.31360570e+01,  3.96761022e+01, -1.31848847e+01, -4.79337220e+01,
  2.91089221e+01,  4.97640407e+01, -1.31003646e+01, -2.95528884e+01,
 -3.47901360e+00,  3.04869656e+01, -4.91908028e+01,  2.54744406e+01,
  3.03489246e+01, -4.25156126e+01, -4.33071088e+01, -1.64584100e+01,
 -2.03669144e+01,  1.69152463e+01, -1.92753985e+01,  2.88164236e+01,
  5.35739063e+00,  4.32074781e+00,  2.84820336e+01,  3.11230333e+01,
 -4.15226567e+01,  2.21154418e+01,  1.22775662e+01, -5.44293523e+00,
 -4.92322928e+01, -3.88596862e+01, -1.99389859e+01,  2.96964345e+01,
  3.43766170e+01, -3.84433040e+01, -9.82220948e+00,  4.16365938e+01,
  2.19886178e+01, -1.76251224e+01,  1.86662136e+01, -3.85488746e-01,
 -3.37948281e+01, -3.50128921e+01, -4.37596641e+00,  9.19055459e+00,
  1.40098758e+01, -1.18452502e+01,  7.05456896e+00,  3.91159329e+01,
 -4.15576257e+01, -2.12701617e+01,  2.22733637e+01, -4.27256633e+01,
  1.55806460e+01, -6.99915119e-01,  2.76685251e+01, -3.36580904e+01,
 -4.65765235e+01,  1.74583896e+01, -2.95121594e+01, -2.20355401e+01,
 -3.48902276e+01,  9.41989091e+00, -2.80392902e+01,  1.94732998e+01,
 -2.92227145e+01, -2.86856916e-01,  4.21532760e+01, -2.98078056e+01,
  4.46175754e+01,  3.66514654e+01,  4.50140698e+01,  3.60188017e+01,
  1.11889368e+01,  4.03648904e+00,  4.01670746e+01,  3.66287198e+01,
 -1.47064129e+01,  4.75422500e+01, -4.99617058e+01,  5.04486372e+00,
  3.47986075e+01, -4.96577846e+01, -4.89145717e+01,  5.96145800e+00,
  4.27885723e+01, -7.42739506e+00,  4.80825279e+01,  4.16551109e+01,
 -1.19912152e+01, -4.99384617e+01, -3.12150849e-01, -2.41619550e+01,
  2.76192326e+01, -4.78384537e+01, -1.59179584e+01,  1.53746935e+01,
  3.90099583e+00,  1.40606948e+01,  2.62731054e+01,  6.31597447e+00,
 -2.65170727e+01, -4.00197481e+00, -1.36672279e+01, -4.08852924e+01,
  2.84612180e+01, -5.19074769e+00, -1.57344952e+01, -1.04391704e+01,
 -2.95197247e+01, -2.33857956e+01,  3.73830380e+01,  2.28734307e+01,
  4.30678178e+01,  2.30539707e-01, -4.73580644e+01, -3.87452567e+01,
  3.14381354e+01, -1.64812027e+01,  4.28656940e+01, -1.00462845e+00,
  1.82668789e+01,  1.74460573e+01,  3.82017065e+00,  2.87887056e+01,
  3.45443159e+01,  1.54131695e+01, -2.77171986e+01, -1.34675177e+00,
 -4.49304657e+01, -9.92101608e+00, -2.91080366e+01,  3.51945181e+01,
  7.06443118e+00, -4.21458047e+00, -4.21048451e+01, -1.76759048e+01,
  4.52255376e+01, -2.77552541e+01,  2.36280483e+01,  1.84659193e+01,
 -4.99019998e+01,  7.52438145e+00, -2.09324677e+01,  1.44785433e+01,
  3.37771413e+01, -4.81703262e+01, -3.00957207e+01, -2.40523689e+01,
  4.33148514e+01,  7.38577005e+00, -7.77084158e+00, -3.24757551e+01,
 -1.44491394e+01, -7.40197118e+00,  3.63654987e+01,  2.94479865e+01,
 -4.98669729e+01, -3.71925638e+01, -4.02214173e+01, -3.10197410e+01,
 -2.84474617e+01,  1.48679729e+01, -1.30919101e+01, -3.00115039e+01,
  1.56400667e+01, -1.25926286e+01, -1.17766413e+01, -6.27441560e+00,
  1.64533196e+01, -1.49587571e+01, -4.11024428e+01, -2.29849528e+01,
  3.11556414e+00,  3.66821652e+01,  1.52463259e+01, -4.05721494e+01,
 -3.68860245e+01,  4.01389704e+01, -4.40379074e+01,  2.73132007e+01,
  3.27879429e+01,  1.60598256e+01, -3.68437174e+01, -1.33565476e+01,
 -2.95634822e+01,  3.05617327e+01, -2.66878546e+01, -2.19072919e+01,
 -3.88472853e+01, -2.75008581e+01,  4.09902100e+01,  1.29732075e+01,
  4.62419139e+01, -3.12885699e+01,  4.86251722e+01,  3.36319009e+01,
 -4.75292480e+01,  2.48551720e+01, -3.05478326e+01,  5.24284401e-01,
  4.56643186e+01, -3.51293893e+01,  2.22996032e+01, -3.74222338e+00,
  1.65494872e+01, -3.36571293e+01, -3.78583928e+01,  1.70690452e+01,
  3.10887755e+01,  3.90161782e+01, -9.79294069e+00,  2.19910000e+01,
 -3.18116361e+01, -9.56949499e-01,  2.97312597e+01, -2.56742320e+01,
 -3.41846882e+01, -1.16341945e+01, -2.89293359e+01,  4.28407404e+01,
 -1.95544340e+01, -4.28272976e+01,  2.14255444e+01, -3.20804291e+01,
  6.93025827e+00, -2.54440044e+01, -9.97836045e+00, -1.47275484e+01,
  2.06677448e+01, -7.37890243e+00,  9.76366020e+00,  2.80491559e+01,
 -3.73580761e+01,  4.34411913e+01,  3.85399319e+01, -2.98553613e+01,
  1.10827767e+01,  8.15317339e+00,  5.35374947e+00, -1.08560067e+01,
  4.94465862e+01,  2.38689368e+01,  2.58586680e+01,  4.16439195e+01,
  2.01872617e+01,  3.51350501e+01, -4.85307409e+01, -1.76816457e+01,
 -2.26948823e+01, -2.95108699e+01,  3.02895084e+01, -1.11783211e+01,
 -1.84845515e+01,  3.86672586e+01, -2.27422269e+01,  2.93914890e+01,
  1.45171319e+01, -4.94327834e+01,  4.67516305e+01,  2.20456573e+01,
 -1.31740093e+01, -2.98939481e+01,  2.13124945e+01,  7.26084313e+00,
 -3.32025449e+01,  1.39771186e+01, -3.22010746e+01,  1.14804216e+01,
 -1.57230952e+01, -8.49251205e-01,  2.94840962e+01,  2.90763542e+01,
  1.69553168e+01,  4.83904564e+01, -2.37834924e+01, -3.51070720e+01,
  1.63566538e+01, -3.77185137e+01,  4.18110423e+00, -2.16444846e+01,
  1.58924831e+01,  1.26928466e+01, -3.91598650e+01, -1.26093683e+01,
 -3.91011342e+01, -3.25068101e+01, -1.46088282e+01, -4.27773801e+01,
  1.00442869e+01, -2.69395713e+01,  1.80592794e+01, -4.78655165e+01,
 -3.17464535e+01, -3.11659775e+01,  3.30352065e+01,  3.25185890e+01,
  1.22844533e+01,  3.17540133e+01,  4.50755815e+01, -2.19185021e+01,
  3.82680079e+00, -3.23918214e+00, -4.75486736e+01, -8.48349581e+00,
 -7.62048760e+00,  4.25860865e+01, -4.77791007e+01,  3.63082161e+01,
  4.24326019e+01,  4.97071372e+01,  2.84873454e+01,  1.67601761e+01,
 -4.52167860e+01, -1.03945716e+00, -3.87865448e+01, -3.35426716e+01,
  4.31312676e+01, -2.68569988e+01, -3.48643193e+01, -4.10883598e+01,
 -3.92642292e+01,  1.62501226e+01, -4.79685591e+01, -4.45885275e+01,
 -2.83824438e+01, -3.50723880e+01,  7.50336042e+00,  3.98554874e+01,
  3.81292688e+01,  3.98285286e+01,  7.57440428e+00,  7.76852541e+00,
  3.19982744e+01, -6.95863598e+00,  4.29563238e+01,  1.07296365e+01,
  2.60393609e+01, -5.90757539e+00, -2.48940804e+00, -1.89581633e+01,
 -1.66092217e+01, -2.41165667e+01, -4.30179903e+01,  4.04823261e+01,
  3.02814156e+01, -4.19981148e+01, -2.55140674e+01, -2.88152043e+01,
  7.34624524e+00,  2.52834611e+01, -2.39413915e+01,  4.33343369e+01,
 -1.12064251e+01,  1.66826834e-01,  1.10079614e+01,  2.56617400e-01,
 -3.84490416e+01,  2.16062279e+01, -2.01143381e+01, -3.46894094e+01,
  5.63455224e+00, -2.94328134e+01,  9.14806694e+00, -4.56529705e+01,
  8.00036469e+00, -8.49709769e+00, -3.82685940e+01,  2.34952818e+01,
  1.45297747e+01, -1.24168448e+01, -3.71798424e+01, -4.88398741e+01,
 -4.08082747e+01,  2.15323739e+01, -9.33414290e+00, -4.28256410e+00,
  2.58616489e+01, -4.83929872e+01,  4.56374607e+01, -1.66134457e+01,
  4.70652708e+01, -3.67576548e+01, -3.29010205e+01, -3.63884708e+01,
  4.35217288e+01, -4.84508913e+01,  3.47373624e+01,  3.23500365e+01,
  1.84886254e+00, -1.33614523e+01,  2.48967336e+01,  2.65067951e+01,
 -2.19279252e+01,  7.75182428e+00,  2.78529919e+01, -3.61314992e+01,
 -9.74940129e-01,  2.90248140e+01, -4.53975965e+01, -2.91026906e+01,
  4.88988014e+01,  3.30554899e+00, -7.08481347e+00,  1.01005003e+01,
  2.45136880e+00,  2.65225128e+01,  1.79259024e+01,  4.63934302e+01,
  1.84877664e+01, -3.93802881e+01, -4.71580655e+01,  8.16658460e+00,
 -1.72717668e+01, -2.07840446e+00, -3.22620582e+01, -1.42521999e+01,
  5.63142324e+00, -3.71512746e+01,  2.62672129e+01,  4.68570023e+01,
 -3.08779075e+01, -1.63174920e+01,  3.96960809e+01,  3.93934055e+01,
  2.97221446e+01,  1.47363643e+01,  1.14624182e+01,  4.89183595e+01,
 -4.96911073e+01,  4.05415501e+01, -3.46919874e+01, -1.94292637e+01,
 -4.49219708e+00,  3.81856136e+01,  4.10450697e+01,  4.51832058e+01,
  3.73036985e+01,  2.74950191e+00, -4.47699902e+01, -4.26741521e+01,
  2.98865852e+01,  4.56580890e+01,  4.96348004e+00, -1.89838392e+01,
  3.73958232e+01, -3.64411899e+01, -5.20245645e-01, -3.89720642e+01,
 -3.34992756e+01,  3.92979461e+01,  6.77828626e+00,  4.81585868e+01,
 -6.04464991e+00,  1.67024670e+01,  2.41877383e+00,  3.62235264e+01,
 -4.69755813e+00, -2.09880916e+00, -3.34190056e+01,  2.70404642e+01,
 -4.85572383e+01, -4.22017854e+01, -4.30649714e+01,  3.63954314e+01,
 -2.43005001e+01, -2.39138536e+01,  3.58489556e+01, -1.76938666e+01,
 -5.64392303e+00, -1.19577436e+01, -1.83124662e+01,  1.62554604e+01,
 -2.31217428e+01,  1.27558622e+01,  1.19641326e+01, -4.71463713e+01,
  4.08249663e+01, -4.31347522e+00,  3.93358276e+01, -2.25945811e+01,
  8.87020058e+00,  4.22898067e+00,  2.58777102e+01, -2.23599599e+01,
  4.90672846e+01,  5.08971064e+00, -1.24039251e+01,  4.31124906e+01,
 -3.58916341e+01,  4.19967859e-02,  4.68208113e+01, -4.38591341e+01,
 -1.04559384e+01,  5.64046159e+00,  5.78482888e+00,  3.89210131e+01,
 -3.71562243e+01,  8.92697454e+00, -3.96774073e+01,  1.61792372e+01,
  4.55213187e+01, -4.01439756e+01, -4.25290861e+01, -5.90609095e+00,
 -3.74559959e+01, -8.99115648e-01, -1.68503064e+01, -3.89370295e+01,
  3.43103026e+01, -1.38900976e+01, -3.45931305e+01,  3.65756466e+01,
  2.01225274e+00, -3.35484390e+01,  3.64251220e+01, -2.15454647e+01,
 -3.89823948e-01, -2.14627689e+01,  3.02143164e+01,  3.92265472e+01,
 -2.53096372e+01,  4.79315787e+01,  8.55193796e+00, -6.13680772e+00,
 -1.27674023e+00,  8.12039087e+00,  8.90966215e+00, -3.59935710e+01,
 -2.29709762e+01, -2.21863027e+00,  4.05693427e+00, -1.35869689e+01,
  5.63904614e-01,  3.42251374e+01,  4.95382883e+01,  2.86695458e+01,
 -1.07386687e+01,  6.17928895e+00,  7.45412583e+00,  3.00973305e+01,
  3.41245841e+00,  3.67972563e+01, -4.44234841e+01, -4.99958716e+01,
  3.34101341e+01, -1.84898301e+01, -2.50944116e+01,  2.91527154e+01,
 -3.97032318e+01, -4.26290726e+01, -2.07297819e+01,  4.55401152e+01,
 -2.75055854e+01,  4.13604445e+01,  4.64149619e+01, -7.84056755e-01,
 -3.31420494e+01,  3.39808231e+01,  5.99742929e+00, -4.91212496e+01,
  2.25620786e+01, -1.28820815e+01,  3.77801873e+01, -1.16178034e+01,
 -4.12068494e+01,  8.78745557e+00, -2.83295540e+01, -3.63310499e+01,
 -8.26895324e+00,  9.14920927e+00, -5.35664436e+00,  4.45241271e-01,
 -3.54974391e+00, -1.33998447e+01, -3.76813113e+01,  4.80385671e+01,
 -3.62681848e+01,  4.03945854e+01,  7.55600766e+00,  1.28936812e+01,
 -3.99928180e+01, -3.67160699e+01, -1.63811324e+01,  1.05629201e+01,
 -2.34138744e+01,  1.31909908e+01,  4.14194379e+00,  1.40875452e+01,
 -2.13193700e+01, -3.15977087e+01, -4.95437742e+00, -1.20902596e+00,
 -4.64379829e+01, -4.34583960e+01,  2.54797948e+00, -3.32452500e+01,
  4.09905411e+01,  2.08124843e+01, -3.85811413e+01,  4.48462126e+01,
 -6.76429556e+00, -1.19177984e+00,  3.57175982e+01,  1.78578183e+01,
  3.88029940e+01, -3.21703089e+00, -3.30977316e+01,  5.83023222e+00,
  1.10396732e+01,  3.08532008e+01, -9.87325027e+00,  4.57278132e+01,
  1.54614036e+00, -1.80728082e+01, -1.51805150e+01,  3.32738659e+01,
 -3.61025146e+01,  8.03081470e+00, -4.38495587e+01, -1.70283125e+01,
  2.76251689e+01,  3.37987537e+01,  3.15939594e+01,  1.97626315e+01,
  2.69091916e+01, -4.22600985e+01, -6.81637843e+00,  2.03593051e+01,
 -2.05402721e+01, -2.31764787e+01, -4.29877309e+01, -6.16363917e+00,
  2.19534244e+01,  2.92220847e+01,  8.70250606e+00,  3.26754231e+01,
  2.50471193e+01, -6.61283497e+00, -4.27108366e+01,  2.42979894e+01,
  1.85896874e+01,  1.69066528e+01, -1.76389422e+01,  4.69907646e+01,
 -6.79225341e+00, -2.35401279e+01, -4.21109025e+01, -3.87486737e+01,
  3.05151129e+01, -4.14690619e+01,  4.54199871e+01, -3.99578027e+00,
  4.93319211e+01,  2.26901078e+01,  4.87763663e+01,  4.71054772e+01,
 -2.90773480e+01, -1.46553712e+01, -7.96175643e+00,  3.99827290e+00,
  2.08577049e+01,  2.03573191e+01,  7.55898293e+00,  4.66687961e+01,
 -4.89906567e+01, -1.81933228e+01,  3.13651627e+01,  3.23349802e+01,
  1.91657516e+01,  2.31794197e+01, -4.16849723e+01, -1.50925933e+01,
 -6.42906263e+00,  6.34837665e+00, -7.56856147e+00, -2.53294020e+01,
  2.58054732e+01,  5.38156361e+00,  3.09930159e+01, -1.05869589e+01,
  1.81580558e+01, -4.55087377e+01,  1.80626040e+01, -2.97903078e+00,
  3.16206689e+01, -6.73523732e-01,  4.41930895e+00,  3.39885770e+01,
 -4.13873186e+01,  3.29463814e+01, -4.30104121e+01, -1.91226689e+01,
 -1.74156562e+01,  3.17969311e+01, -5.23313350e+00,  1.15595127e+01,
 -3.81861635e+01,  3.89353532e+00, -3.26310420e+01, -1.28438719e+01,
 -8.14543245e+00, -4.33667407e+01,  4.42505182e+01,  1.88273003e+01,
  2.85196495e+01,  2.23375540e+01, -4.65082925e+01, -3.40885804e+01,
 -4.06086588e+01, -3.17046318e+01, -1.54554253e+01,  3.16374849e+01,
  7.41088253e+00,  2.19589649e+01,  4.93099007e+01,  2.94000336e+01,
  3.72728584e+01,  4.16221609e+01, -1.34801512e+00,  1.98132087e+01,
  4.33736860e+01,  3.86671472e+01, -4.04219474e+00, -9.24731690e-01,
 -3.99631493e+01, -3.94877780e+01,  3.67254692e+01, -3.49453304e+01,
 -4.35150564e+01, -4.44912226e+01, -1.54185262e+01, -1.47024142e+01,
  4.94137290e+01, -4.01612599e+01, -1.34153194e+01,  1.26215477e+01,
 -4.39549978e+01, -5.39318851e+00, -4.43727448e+01,  1.14092975e+01,
  4.23316172e+01, -3.28188752e-02, -3.12057058e+01,  1.62534909e+01,
  4.38194544e+01, -4.90987907e+01, -1.77343931e+00, -4.88267829e+01,
 -3.00456114e+01,  4.04747946e+01,  3.84190513e+01, -2.93910529e+00,
  1.80168776e+00, -3.26418402e+01, -2.27129141e+01,  4.08346547e+01,
  4.68200054e+01, -4.13193086e+01, -1.96421467e+01, -4.68494866e+01,
 -2.14429138e+01,  9.35211325e+00, -4.28988478e+01, -7.91689433e+00,
  5.01058976e+00,  4.71242074e+01,  2.24031746e+01,  1.61459023e+01,
  1.90456743e+00,  2.16329459e+01,  3.34480603e+01,  2.48135182e+01,
  4.62443936e+01,  2.61448533e+01, -3.10107317e-01,  3.67090202e+01,
 -3.25151990e+00, -1.65235543e+01, -4.91293414e+01,  4.49444860e+01,
  3.03984580e+01, -3.01891698e+01, -4.85102315e+01,  8.65555420e+00,
  2.92447423e+01, -1.62932495e+01, -3.84406748e+01, -3.71078100e+01]

dd_total: 520898.68817534787