x y
0.000000 0.000000
0.010666 0.000025
0.021331 0.000099
0.031997 0.000222
0.042663 0.000395
0.053329 0.000617
0.063994 0.000889
0.074660 0.001210
0.085326 0.001581
0.095991 0.002000
0.106657 0.002470
0.117323 0.002988
0.127989 0.003556
0.138654 0.004174
0.149320 0.004840
0.159986 0.005556
0.170651 0.006322
0.181317 0.007136
0.191983 0.008000
0.202648 0.008914
0.213314 0.009876
0.223980 0.010888
0.234646 0.011949
0.245311 0.013060
0.255977 0.014220
0.266643 0.015429
0.277308 0.016687
0.287974 0.017995
0.298640 0.019351
0.309306 0.020757
0.319971 0.022212
0.330637 0.023717
0.341303 0.025270
0.351968 0.026873
0.362634 0.028525
0.373300 0.030225
0.383966 0.031975
0.394631 0.033774
0.405297 0.035623
0.415963 0.037520
0.426628 0.039466
0.437294 0.041461
0.447960 0.043505
0.458626 0.045598
0.469291 0.047741
0.479957 0.049932
0.490623 0.052171
0.501288 0.054460
0.511954 0.056798
0.522620 0.059184
0.533286 0.061620
0.543951 0.064104
0.554617 0.066637
0.565283 0.069218
0.575948 0.071849
0.586614 0.074528
0.597280 0.077255
0.607945 0.080032
0.618611 0.082857
0.629277 0.085730
0.639943 0.088652
0.650608 0.091623
0.661274 0.094642
0.671940 0.097709
0.682605 0.100825
0.693271 0.103990
0.703937 0.107202
0.714603 0.110463
0.725268 0.113773
0.735934 0.117130
0.746600 0.120536
0.757265 0.123990
0.767931 0.127493
0.778597 0.131043
0.789263 0.134641
0.799928 0.138288
0.810594 0.141983
0.821260 0.145725
0.831925 0.149516
0.842591 0.153354
0.853257 0.157241
0.863923 0.161175
0.874588 0.165157
0.885254 0.169187
0.895920 0.173264
0.906585 0.177389
0.917251 0.181562
0.927917 0.185782
0.938582 0.190050
0.949248 0.194366
0.959914 0.198729
0.970580 0.203139
0.981245 0.207597
0.991911 0.212102
1.002577 0.216655
1.013242 0.221254
1.023908 0.225901
1.034574 0.230595
1.045240 0.235337
1.055905 0.240125
1.066571 0.244960
1.077237 0.249843
1.087902 0.254772
1.098568 0.259748
1.109234 0.264771
1.119900 0.269841
1.130565 0.274957
1.141231 0.280120
1.151897 0.285330
1.162562 0.290586
1.173228 0.295889
1.183894 0.301238
1.194560 0.306634
1.205225 0.312076
1.215891 0.317565
1.226557 0.323099
1.237222 0.328680
1.247888 0.334307
1.258554 0.339980
1.269220 0.345700
1.279885 0.351465
1.290551 0.357276
1.301217 0.363133
1.311882 0.369036
1.322548 0.374984
1.333214 0.380978
1.343879 0.387018
1.354545 0.393104
1.365211 0.399235
1.375877 0.405411
1.386542 0.411633
1.397208 0.417900
1.407874 0.424212
1.418539 0.430570
1.429205 0.436972
1.439871 0.443420
1.450537 0.449913
1.461202 0.456451
1.471868 0.463034
1.482534 0.469661
1.493199 0.476333
1.503865 0.483050
1.514531 0.489812
1.525197 0.496618
1.535862 0.503468
1.546528 0.510364
1.557194 0.517303
1.567859 0.524287
1.578525 0.531314
1.589191 0.538386
1.599857 0.545503
1.610522 0.552663
1.621188 0.559867
1.631854 0.567115
1.642519 0.574406
1.653185 0.581742
1.663851 0.589121
1.674517 0.596544
1.685182 0.604010
1.695848 0.611519
1.706514 0.619072
1.717179 0.626669
1.727845 0.634308
1.738511 0.641991
1.749176 0.649716
1.759842 0.657485
1.770508 0.665296
1.781174 0.673151
1.791839 0.681048
1.802505 0.688988
1.813171 0.696970
1.823836 0.704995
1.834502 0.713062
1.845168 0.721172
1.855834 0.729324
1.866499 0.737518
1.877165 0.745754
1.887831 0.754032
1.898496 0.762353
1.909162 0.770715
1.919828 0.779118
1.930494 0.787564
1.941159 0.796051
1.951825 0.804580
1.962491 0.813150
1.973156 0.821761
1.983822 0.830414
1.994488 0.839108
2.005154 0.847843
2.015819 0.856619
2.026485 0.865437
2.037151 0.874294
2.047816 0.883193
2.058482 0.892132
2.069148 0.901112
2.079813 0.910133
2.090479 0.919193
2.101145 0.928295
2.111811 0.937436
2.122476 0.946617
2.133142 0.955839
2.143808 0.965100
2.154473 0.974402
2.165139 0.983743
2.175805 0.993124
2.186471 1.002544
2.197136 1.012004
2.207802 1.021503
2.218468 1.031042
2.229133 1.040620
2.239799 1.050237
2.250465 1.059892
2.261131 1.069587
2.271796 1.079321
2.282462 1.089093
2.293128 1.098905
2.303793 1.108754
2.314459 1.118642
2.325125 1.128569
2.335791 1.138533
2.346456 1.148536
2.357122 1.158577
2.367788 1.168656
2.378453 1.178772
2.389119 1.188927
2.399785 1.199119
2.410451 1.209348
2.421116 1.219615
2.431782 1.229920
2.442448 1.240261
2.453113 1.250640
2.463779 1.261056
2.474445 1.271509
2.485110 1.281998
2.495776 1.292525
2.506442 1.303088
2.517108 1.313687
2.527773 1.324323
2.538439 1.334995
2.549105 1.345704
2.559770 1.356448
2.570436 1.367229
2.581102 1.378045
2.591768 1.388897
2.602433 1.399785
2.613099 1.410709
2.623765 1.421667
2.634430 1.432662
2.645096 1.443691
2.655762 1.454756
2.666428 1.465855
2.677093 1.476990
2.687759 1.488159
2.698425 1.499363
2.709090 1.510602
2.719756 1.521875
2.730422 1.533183
2.741088 1.544524
2.751753 1.555900
2.762419 1.567310
2.773085 1.578754
2.783750 1.590232
2.794416 1.601743
2.805082 1.613288
2.815747 1.624866
2.826413 1.636478
2.837079 1.648123
2.847745 1.659801
2.858410 1.671512
2.869076 1.683256
2.879742 1.695032
2.890407 1.706842
2.901073 1.718684
2.911739 1.730558
2.922405 1.742464
2.933070 1.754403
2.943736 1.766374
2.954402 1.778377
2.965067 1.790411
2.975733 1.802478
2.986399 1.814576
2.997065 1.826705
3.007730 1.838866
3.018396 1.851058
3.029062 1.863281
3.039727 1.875535
3.050393 1.887820
3.061059 1.900135
3.071725 1.912482
3.082390 1.924858
3.093056 1.937266
3.103722 1.949703
3.114387 1.962171
3.125053 1.974668
3.135719 1.987196
3.146385 1.999753
3.157050 2.012340
3.167716 2.024956
3.178382 2.037602
3.189047 2.050277
3.199713 2.062981
3.210379 2.075714
3.221044 2.088477
3.231710 2.101267
3.242376 2.114087
3.253042 2.126935
3.263707 2.139811
3.274373 2.152716
3.285039 2.165649
3.295704 2.178610
3.306370 2.191598
3.317036 2.204615
3.327702 2.217659
3.338367 2.230730
3.349033 2.243829
3.359699 2.256955
3.370364 2.270108
3.381030 2.283288
3.391696 2.296495
3.402362 2.309729
3.413027 2.322989
3.423693 2.336276
3.434359 2.349589
3.445024 2.362928
3.455690 2.376294
3.466356 2.389685
3.477022 2.403102
3.487687 2.416545
3.498353 2.430013
3.509019 2.443506
3.519684 2.457025
3.530350 2.470569
3.541016 2.484138
3.551682 2.497732
3.562347 2.511350
3.573013 2.524994
3.583679 2.538661
3.594344 2.552353
3.605010 2.566069
3.615676 2.579809
3.626341 2.593573
3.637007 2.607361
3.647673 2.621172
3.658339 2.635007
3.669004 2.648866
3.679670 2.662747
3.690336 2.676652
3.701001 2.690579
3.711667 2.704530
3.722333 2.718503
3.732999 2.732498
3.743664 2.746516
3.754330 2.760557
3.764996 2.774619
3.775661 2.788703
3.786327 2.802810
3.796993 2.816938
3.807659 2.831087
3.818324 2.845258
3.828990 2.859450
3.839656 2.873664
3.850321 2.887898
3.860987 2.902153
3.871653 2.916429
3.882319 2.930726
3.892984 2.945043
3.903650 2.959380
3.914316 2.973737
3.924981 2.988115
3.935647 3.002512
3.946313 3.016929
3.956978 3.031366
3.967644 3.045822
3.978310 3.060297
3.988976 3.074792
3.999641 3.089306
4.010307 3.103838
4.020973 3.118389
4.031638 3.132959
4.042304 3.147547
4.052970 3.162154
4.063636 3.176779
4.074301 3.191421
4.084967 3.206082
4.095633 3.220760
4.106298 3.235456
4.116964 3.250169
4.127630 3.264900
4.138296 3.279648
4.148961 3.294413
4.159627 3.309194
4.170293 3.323992
4.180958 3.338807
4.191624 3.353639
4.202290 3.368486
4.212956 3.383350
4.223621 3.398229
4.234287 3.413125
4.244953 3.428036
4.255618 3.442963
4.266284 3.457905
4.276950 3.472862
4.287616 3.487834
4.298281 3.502822
4.308947 3.517824
4.319613 3.532840
4.330278 3.547872
4.340944 3.562917
4.351610 3.577977
4.362275 3.593051
4.372941 3.608139
4.383607 3.623240
4.394273 3.638355
4.404938 3.653484
4.415604 3.668625
4.426270 3.683780
4.436935 3.698948
4.447601 3.714129
4.458267 3.729323
4.468933 3.744529
4.479598 3.759747
4.490264 3.774978
4.500930 3.790221
4.511595 3.805476
4.522261 3.820743
4.532927 3.836021
4.543593 3.851311
4.554258 3.866612
4.564924 3.881924
4.575590 3.897247
4.586255 3.912582
4.596921 3.927927
4.607587 3.943282
4.618253 3.958648
4.628918 3.974024
4.639584 3.989411
4.650250 4.004807
4.660915 4.020214
4.671581 4.035630
4.682247 4.051055
4.692912 4.066490
4.703578 4.081934
4.714244 4.097387
4.724910 4.112849
4.735575 4.128320
4.746241 4.143799
4.756907 4.159287
4.767572 4.174783
4.778238 4.190288
4.788904 4.205800
4.799570 4.221320
4.810235 4.236848
4.820901 4.252384
4.831567 4.267927
4.842232 4.283477
4.852898 4.299034
4.863564 4.314598
4.874230 4.330169
4.884895 4.345746
4.895561 4.361330
4.906227 4.376920
4.916892 4.392517
4.927558 4.408119
4.938224 4.423727
4.948890 4.439341
4.959555 4.454960
4.970221 4.470585
4.980887 4.486215
4.991552 4.501850
5.002218 4.517491
5.012884 4.533135
5.023550 4.548785
5.034215 4.564439
5.044881 4.580097
5.055547 4.595759
5.066212 4.611426
5.076878 4.627096
5.087544 4.642770
5.098209 4.658447
5.108875 4.674128
5.119541 4.689812
5.130207 4.705499
5.140872 4.721189
5.151538 4.736882
5.162204 4.752577
5.172869 4.768275
5.183535 4.783975
5.194201 4.799677
5.204867 4.815381
5.215532 4.831087
5.226198 4.846795
5.236864 4.862504
5.247529 4.878214
5.258195 4.893926
5.268861 4.909639
5.279527 4.925353
5.290192 4.941067
5.300858 4.956782
5.311524 4.972497
5.322189 4.988213
5.332855 5.003929
5.343521 5.019645
5.354187 5.035360
5.364852 5.051076
5.375518 5.066790
5.386184 5.082504
5.396849 5.098218
5.407515 5.113930
5.418181 5.129641
5.428846 5.145351
5.439512 5.161059
5.450178 5.176766
5.460844 5.192471
5.471509 5.208174
5.482175 5.223876
5.492841 5.239575
5.503506 5.255271
5.514172 5.270965
5.524838 5.286656
5.535504 5.302345
5.546169 5.318031
5.556835 5.333713
5.567501 5.349392
5.578166 5.365068
5.588832 5.380740
5.599498 5.396408
5.610164 5.412072
5.620829 5.427733
5.631495 5.443389
5.642161 5.459040
5.652826 5.474688
5.663492 5.490330
5.674158 5.505968
5.684824 5.521600
5.695489 5.537228
5.706155 5.552850
5.716821 5.568467
5.727486 5.584078
5.738152 5.599683
5.748818 5.615282
5.759484 5.630876
5.770149 5.646463
5.780815 5.662044
5.791481 5.677618
5.802146 5.693185
5.812812 5.708746
5.823478 5.724299
5.834143 5.739846
5.844809 5.755385
5.855475 5.770917
5.866141 5.786441
5.876806 5.801957
5.887472 5.817465
5.898138 5.832966
5.908803 5.848458
5.919469 5.863941
5.930135 5.879417
5.940801 5.894883
5.951466 5.910341
5.962132 5.925789
5.972798 5.941229
5.983463 5.956659
5.994129 5.972080
6.004795 5.987491
6.015461 6.002892
6.026126 6.018284
6.036792 6.033665
6.047458 6.049036
6.058123 6.064397
6.068789 6.079747
6.079455 6.095087
6.090121 6.110416
6.100786 6.125734
6.111452 6.141040
6.122118 6.156336
6.132783 6.171620
6.143449 6.186892
6.154115 6.202153
6.164781 6.217402
6.175446 6.232639
6.186112 6.247863
6.196778 6.263076
6.207443 6.278275
6.218109 6.293463
6.228775 6.308637
6.239440 6.323799
6.250106 6.338947
6.260772 6.354082
6.271438 6.369204
6.282103 6.384312
6.292769 6.399407
6.303435 6.414488
6.314100 6.429555
6.324766 6.444607
6.335432 6.459646
6.346098 6.474670
6.356763 6.489679
6.367429 6.504674
6.378095 6.519654
6.388760 6.534619
6.399426 6.549568
6.410092 6.564503
6.420758 6.579422
6.431423 6.594325
6.442089 6.609212
6.452755 6.624084
6.463420 6.638940
6.474086 6.653779
6.484752 6.668602
6.495418 6.683409
6.506083 6.698199
6.516749 6.712972
6.527415 6.727728
6.538080 6.742467
6.548746 6.757189
6.559412 6.771894
6.570077 6.786581
6.580743 6.801251
6.591409 6.815902
6.602075 6.830536
6.612740 6.845152
6.623406 6.859749
6.634072 6.874328
6.644737 6.888889
6.655403 6.903431
6.666069 6.917954
6.676735 6.932458
6.687400 6.946943
6.698066 6.961409
6.708732 6.975855
6.719397 6.990282
6.730063 7.004689
6.740729 7.019076
6.751395 7.033444
6.762060 7.047791
6.772726 7.062118
6.783392 7.076425
6.794057 7.090712
6.804723 7.104977
6.815389 7.119222
6.826055 7.133446
6.836720 7.147649
6.847386 7.161830
6.858052 7.175990
6.868717 7.190129
6.879383 7.204246
6.890049 7.218342
6.900715 7.232415
6.911380 7.246466
6.922046 7.260495
6.932712 7.274502
6.943377 7.288487
6.954043 7.302448
6.964709 7.316387
6.975374 7.330303
6.986040 7.344197
6.996706 7.358066
7.007372 7.371913
7.018037 7.385736
7.028703 7.399536
7.039369 7.413312
7.050034 7.427064
7.060700 7.440792
7.071366 7.454496
7.082032 7.468176
7.092697 7.481831
7.103363 7.495462
7.114029 7.509068
7.124694 7.522649
7.135360 7.536206
7.146026 7.549737
7.156692 7.563244
7.167357 7.576724
7.178023 7.590180
7.188689 7.603610
7.199354 7.617014
7.210020 7.630392
7.220686 7.643744
7.231352 7.657071
7.242017 7.670370
7.252683 7.683644
7.263349 7.696891
7.274014 7.710111
7.284680 7.723305
7.295346 7.736472
7.306011 7.749611
7.316677 7.762724
7.327343 7.775809
7.338009 7.788867
7.348674 7.801897
7.359340 7.814900
7.370006 7.827874
7.380671 7.840821
7.391337 7.853740
7.402003 7.866630
7.412669 7.879493
7.423334 7.892326
7.434000 7.905132
7.444666 7.917908
7.455331 7.930656
7.465997 7.943375
7.476663 7.956064
7.487329 7.968725
7.497994 7.981356
7.508660 7.993957
7.519326 8.006529
7.529991 8.019072
7.540657 8.031584
7.551323 8.044067
7.561989 8.056519
7.572654 8.068942
7.583320 8.081334
7.593986 8.093695
7.604651 8.106026
7.615317 8.118327
7.625983 8.130596
7.636649 8.142835
7.647314 8.155042
7.657980 8.167219
7.668646 8.179364
7.679311 8.191477
7.689977 8.203559
7.700643 8.215610
7.711308 8.227629
7.721974 8.239615
7.732640 8.251570
7.743306 8.263493
7.753971 8.275383
7.764637 8.287241
7.775303 8.299067
7.785968 8.310860
7.796634 8.322620
7.807300 8.334348
7.817966 8.346042
7.828631 8.357704
7.839297 8.369332
7.849963 8.380927
7.860628 8.392489
7.871294 8.404017
7.881960 8.415511
7.892626 8.426972
7.903291 8.438399
7.913957 8.449792
7.924623 8.461151
7.935288 8.472475
7.945954 8.483766
7.956620 8.495022
7.967286 8.506243
7.977951 8.517430
7.988617 8.528582
7.999283 8.539699
8.009948 8.550781
8.020614 8.561828
8.031280 8.572840
8.041946 8.583816
8.052611 8.594758
8.063277 8.605663
8.073943 8.616533
8.084608 8.627368
8.095274 8.638166
8.105940 8.648929
8.116605 8.659655
8.127271 8.670345
8.137937 8.681000
8.148603 8.691617
8.159268 8.702198
8.169934 8.712743
8.180600 8.723251
8.191265 8.733722
8.201931 8.744157
8.212597 8.754554
8.223263 8.764914
8.233928 8.775237
8.244594 8.785523
8.255260 8.795771
8.265925 8.805982
8.276591 8.816155
8.287257 8.826291
8.297923 8.836389
8.308588 8.846448
8.319254 8.856470
8.329920 8.866454
8.340585 8.876399
8.351251 8.886307
8.361917 8.896176
8.372583 8.906006
8.383248 8.915798
8.393914 8.925551
8.404580 8.935265
8.415245 8.944940
8.425911 8.954577
8.436577 8.964174
8.447242 8.973732
8.457908 8.983251
8.468574 8.992731
8.479240 9.002171
8.489905 9.011572
8.500571 9.020933
8.511237 9.030254
8.521902 9.039535
8.532568 9.048777
8.543234 9.057978
8.553900 9.067140
8.564565 9.076261
8.575231 9.085342
8.585897 9.094383
8.596562 9.103383
8.607228 9.112342
8.617894 9.121261
8.628560 9.130140
8.639225 9.138977
8.649891 9.147774
8.660557 9.156529
8.671222 9.165244
8.681888 9.173917
8.692554 9.182549
8.703220 9.191140
8.713885 9.199690
8.724551 9.208198
8.735217 9.216664
8.745882 9.225089
8.756548 9.233472
8.767214 9.241813
8.777880 9.250112
8.788545 9.258369
8.799211 9.266584
8.809877 9.274758
8.820542 9.282888
8.831208 9.290977
8.841874 9.299023
8.852539 9.307026
8.863205 9.314988
8.873871 9.322906
8.884537 9.330782
8.895202 9.338615
8.905868 9.346405
8.916534 9.354152
8.927199 9.361856
8.937865 9.369517
8.948531 9.377135
8.959197 9.384709
8.969862 9.392241
8.980528 9.399729
8.991194 9.407173
9.001859 9.414574
9.012525 9.421931
9.023191 9.429245
9.033857 9.436515
9.044522 9.443741
9.055188 9.450923
9.065854 9.458061
9.076519 9.465155
9.087185 9.472205
9.097851 9.479211
9.108517 9.486172
9.119182 9.493090
9.129848 9.499962
9.140514 9.506791
9.151179 9.513575
9.161845 9.520314
9.172511 9.527008
9.183176 9.533658
9.193842 9.540263
9.204508 9.546824
9.215174 9.553339
9.225839 9.559809
9.236505 9.566235
9.247171 9.572615
9.257836 9.578950
9.268502 9.585239
9.279168 9.591484
9.289834 9.597683
9.300499 9.603837
9.311165 9.609945
9.321831 9.616007
9.332496 9.622024
9.343162 9.627996
9.353828 9.633922
9.364494 9.639801
9.375159 9.645635
9.385825 9.651424
9.396491 9.657166
9.407156 9.662862
9.417822 9.668512
9.428488 9.674116
9.439154 9.679674
9.449819 9.685185
9.460485 9.690651
9.471151 9.696070
9.481816 9.701442
9.492482 9.706768
9.503148 9.712048
9.513814 9.717281
9.524479 9.722467
9.535145 9.727607
9.545811 9.732700
9.556476 9.737746
9.567142 9.742746
9.577808 9.747699
9.588473 9.752604
9.599139 9.757463
9.609805 9.762275
9.620471 9.767040
9.631136 9.771757
9.641802 9.776428
9.652468 9.781051
9.663133 9.785627
9.673799 9.790156
9.684465 9.794638
9.695131 9.799072
9.705796 9.803458
9.716462 9.807798
9.727128 9.812090
9.737793 9.816334
9.748459 9.820530
9.759125 9.824679
9.769791 9.828781
9.780456 9.832834
9.791122 9.836840
9.801788 9.840798
9.812453 9.844709
9.823119 9.848571
9.833785 9.852386
9.844451 9.856152
9.855116 9.859871
9.865782 9.863541
9.876448 9.867164
9.887113 9.870738
9.897779 9.874265
9.908445 9.877743
9.919110 9.881173
9.929776 9.884555
9.940442 9.887888
9.951108 9.891173
9.961773 9.894410
9.972439 9.897599
9.983105 9.900739
9.993770 9.903831
10.004436 9.906874
10.015102 9.909869
10.025768 9.912815
10.036433 9.915713
10.047099 9.918562
10.057765 9.921363
10.068430 9.924115
10.079096 9.926818
10.089762 9.929473
10.100428 9.932079
10.111093 9.934636
10.121759 9.937144
10.132425 9.939604
10.143090 9.942015
10.153756 9.944377
10.164422 9.946690
10.175088 9.948955
10.185753 9.951170
10.196419 9.953337
10.207085 9.955454
10.217750 9.957523
10.228416 9.959543
10.239082 9.961513
10.249748 9.963435
10.260413 9.965308
10.271079 9.967131
10.281745 9.968906
10.292410 9.970631
10.303076 9.972307
10.313742 9.973935
10.324407 9.975513
10.335073 9.977042
10.345739 9.978521
10.356405 9.979952
10.367070 9.981333
10.377736 9.982665
10.388402 9.983948
10.399067 9.985182
10.409733 9.986366
10.420399 9.987501
10.431065 9.988587
10.441730 9.989624
10.452396 9.990611
10.463062 9.991549
10.473727 9.992438
10.484393 9.993277
10.495059 9.994067
10.505725 9.994808
10.516390 9.995499
10.527056 9.996141
10.537722 9.996734
10.548387 9.997277
10.559053 9.997771
10.569719 9.998216
10.580385 9.998611
10.591050 9.998957
10.601716 9.999253
10.612382 9.999500
10.623047 9.999697
10.633713 9.999846
10.644379 9.999944
10.655045 9.999994
10.665710 9.999994
10.676376 9.999944
10.687042 9.999846
10.697707 9.999697
10.708373 9.999500
10.719039 9.999253
10.729704 9.998957
10.740370 9.998611
10.751036 9.998216
10.761702 9.997771
10.772367 9.997277
10.783033 9.996734
10.793699 9.996141
10.804364 9.995499
10.815030 9.994808
10.825696 9.994067
10.836362 9.993277
10.847027 9.992438
10.857693 9.991549
10.868359 9.990611
10.879024 9.989624
10.889690 9.988587
10.900356 9.987501
10.911022 9.986366
10.921687 9.985182
10.932353 9.983948
10.943019 9.982665
10.953684 9.981333
10.964350 9.979952
10.975016 9.978521
10.985682 9.977042
10.996347 9.975513
11.007013 9.973935
11.017679 9.972307
11.028344 9.970631
11.039010 9.968906
11.049676 9.967131
11.060341 9.965308
11.071007 9.963435
11.081673 9.961513
11.092339 9.959543
11.103004 9.957523
11.113670 9.955454
11.124336 9.953337
11.135001 9.951170
11.145667 9.948955
11.156333 9.946690
11.166999 9.944377
11.177664 9.942015
11.188330 9.939604
11.198996 9.937144
11.209661 9.934636
11.220327 9.932079
11.230993 9.929473
11.241659 9.926818
11.252324 9.924115
11.262990 9.921363
11.273656 9.918562
11.284321 9.915713
11.294987 9.912815
11.305653 9.909869
11.316319 9.906874
11.326984 9.903831
11.337650 9.900739
11.348316 9.897599
11.358981 9.894410
11.369647 9.891173
11.380313 9.887888
11.390979 9.884555
11.401644 9.881173
11.412310 9.877743
11.422976 9.874265
11.433641 9.870738
11.444307 9.867164
11.454973 9.863541
11.465638 9.859871
11.476304 9.856152
11.486970 9.852386
11.497636 9.848571
11.508301 9.844709
11.518967 9.840798
11.529633 9.836840
11.540298 9.832834
11.550964 9.828781
11.561630 9.824679
11.572296 9.820530
11.582961 9.816334
11.593627 9.812090
11.604293 9.807798
11.614958 9.803458
11.625624 9.799072
11.636290 9.794638
11.646956 9.790156
11.657621 9.785627
11.668287 9.781051
11.678953 9.776428
11.689618 9.771757
11.700284 9.767040
11.710950 9.762275
11.721616 9.757463
11.732281 9.752604
11.742947 9.747699
11.753613 9.742746
11.764278 9.737746
11.774944 9.732700
11.785610 9.727607
11.796275 9.722467
11.806941 9.717281
11.817607 9.712048
11.828273 9.706768
11.838938 9.701442
11.849604 9.696070
11.860270 9.690651
11.870935 9.685185
11.881601 9.679674
11.892267 9.674116
11.902933 9.668512
11.913598 9.662862
11.924264 9.657166
11.934930 9.651424
11.945595 9.645635
11.956261 9.639801
11.966927 9.633922
11.977593 9.627996
11.988258 9.622024
11.998924 9.616007
12.009590 9.609945
12.020255 9.603837
12.030921 9.597683
12.041587 9.591484
12.052253 9.585239
12.062918 9.578950
12.073584 9.572615
12.084250 9.566235
12.094915 9.559809
12.105581 9.553339
12.116247 9.546824
12.126913 9.540263
12.137578 9.533658
12.148244 9.527008
12.158910 9.520314
12.169575 9.513575
12.180241 9.506791
12.190907 9.499962
12.201572 9.493090
12.212238 9.486172
12.222904 9.479211
12.233570 9.472205
12.244235 9.465155
12.254901 9.458061
12.265567 9.450923
12.276232 9.443741
12.286898 9.436515
12.297564 9.429245
12.308230 9.421931
12.318895 9.414574
12.329561 9.407173
12.340227 9.399729
12.350892 9.392241
12.361558 9.384709
12.372224 9.377135
12.382890 9.369517
12.393555 9.361856
12.404221 9.354152
12.414887 9.346405
12.425552 9.338615
12.436218 9.330782
12.446884 9.322906
12.457550 9.314988
12.468215 9.307026
12.478881 9.299023
12.489547 9.290977
12.500212 9.282888
12.510878 9.274758
12.521544 9.266584
12.532210 9.258369
12.542875 9.250112
12.553541 9.241813
12.564207 9.233472
12.574872 9.225089
12.585538 9.216664
12.596204 9.208198
12.606869 9.199690
12.617535 9.191140
12.628201 9.182549
12.638867 9.173917
12.649532 9.165244
12.660198 9.156529
12.670864 9.147774
12.681529 9.138977
12.692195 9.130140
12.702861 9.121261
12.713527 9.112342
12.724192 9.103383
12.734858 9.094383
12.745524 9.085342
12.756189 9.076261
12.766855 9.067140
12.777521 9.057978
12.788187 9.048777
12.798852 9.039535
12.809518 9.030254
12.820184 9.020933
12.830849 9.011572
12.841515 9.002171
12.852181 8.992731
12.862847 8.983251
12.873512 8.973732
12.884178 8.964174
12.894844 8.954577
12.905509 8.944940
12.916175 8.935265
12.926841 8.925551
12.937506 8.915798
12.948172 8.906006
12.958838 8.896176
12.969504 8.886307
12.980169 8.876399
12.990835 8.866454
13.001501 8.856470
13.012166 8.846448
13.022832 8.836389
13.033498 8.826291
13.044164 8.816155
13.054829 8.805982
13.065495 8.795771
13.076161 8.785523
13.086826 8.775237
13.097492 8.764914
13.108158 8.754554
13.118824 8.744157
13.129489 8.733722
13.140155 8.723251
13.150821 8.712743
13.161486 8.702198
13.172152 8.691617
13.182818 8.681000
13.193484 8.670345
13.204149 8.659655
13.214815 8.648929
13.225481 8.638166
13.236146 8.627368
13.246812 8.616533
13.257478 8.605663
13.268144 8.594758
13.278809 8.583816
13.289475 8.572840
13.300141 8.561828
13.310806 8.550781
13.321472 8.539699
13.332138 8.528582
13.342803 8.517430
13.353469 8.506243
13.364135 8.495022
13.374801 8.483766
13.385466 8.472475
13.396132 8.461151
13.406798 8.449792
13.417463 8.438399
13.428129 8.426972
13.438795 8.415511
13.449461 8.404017
13.460126 8.392489
13.470792 8.380927
13.481458 8.369332
13.492123 8.357704
13.502789 8.346042
13.513455 8.334348
13.524121 8.322620
13.534786 8.310860
13.545452 8.299067
13.556118 8.287241
13.566783 8.275383
13.577449 8.263493
13.588115 8.251570
13.598781 8.239615
13.609446 8.227629
13.620112 8.215610
13.630778 8.203559
13.641443 8.191477
13.652109 8.179364
13.662775 8.167219
13.673440 8.155042
13.684106 8.142835
13.694772 8.130596
13.705438 8.118327
13.716103 8.106026
13.726769 8.093695
13.737435 8.081334
13.748100 8.068942
13.758766 8.056519
13.769432 8.044067
13.780098 8.031584
13.790763 8.019072
13.801429 8.006529
13.812095 7.993957
13.822760 7.981356
13.833426 7.968725
13.844092 7.956064
13.854758 7.943375
13.865423 7.930656
13.876089 7.917908
13.886755 7.905132
13.897420 7.892326
13.908086 7.879493
13.918752 7.866630
13.929418 7.853740
13.940083 7.840821
13.950749 7.827874
13.961415 7.814900
13.972080 7.801897
13.982746 7.788867
13.993412 7.775809
14.004078 7.762724
14.014743 7.749611
14.025409 7.736472
14.036075 7.723305
14.046740 7.710111
14.057406 7.696891
14.068072 7.683644
14.078737 7.670370
14.089403 7.657071
14.100069 7.643744
14.110735 7.630392
14.121400 7.617014
14.132066 7.603610
14.142732 7.590180
14.153397 7.576724
14.164063 7.563244
14.174729 7.549737
14.185395 7.536206
14.196060 7.522649
14.206726 7.509068
14.217392 7.495462
14.228057 7.481831
14.238723 7.468176
14.249389 7.454496
14.260055 7.440792
14.270720 7.427064
14.281386 7.413312
14.292052 7.399536
14.302717 7.385736
14.313383 7.371913
14.324049 7.358066
14.334715 7.344197
14.345380 7.330303
14.356046 7.316387
14.366712 7.302448
14.377377 7.288487
14.388043 7.274502
14.398709 7.260495
14.409374 7.246466
14.420040 7.232415
14.430706 7.218342
14.441372 7.204246
14.452037 7.190129
14.462703 7.175990
14.473369 7.161830
14.484034 7.147649
14.494700 7.133446
14.505366 7.119222
14.516032 7.104977
14.526697 7.090712
14.537363 7.076425
14.548029 7.062118
14.558694 7.047791
14.569360 7.033444
14.580026 7.019076
14.590692 7.004689
14.601357 6.990282
14.612023 6.975855
14.622689 6.961409
14.633354 6.946943
14.644020 6.932458
14.654686 6.917954
14.665352 6.903431
14.676017 6.888889
14.686683 6.874328
14.697349 6.859749
14.708014 6.845152
14.718680 6.830536
14.729346 6.815902
14.740012 6.801251
14.750677 6.786581
14.761343 6.771894
14.772009 6.757189
14.782674 6.742467
14.793340 6.727728
14.804006 6.712972
14.814671 6.698199
14.825337 6.683409
14.836003 6.668602
14.846669 6.653779
14.857334 6.638940
14.868000 6.624084
14.878666 6.609212
14.889331 6.594325
14.899997 6.579422
14.910663 6.564503
14.921329 6.549568
14.931994 6.534619
14.942660 6.519654
14.953326 6.504674
14.963991 6.489679
14.974657 6.474670
14.985323 6.459646
14.995989 6.444607
15.006654 6.429555
15.017320 6.414488
15.027986 6.399407
15.038651 6.384312
15.049317 6.369204
15.059983 6.354082
15.070649 6.338947
15.081314 6.323799
15.091980 6.308637
15.102646 6.293463
15.113311 6.278275
15.123977 6.263076
15.134643 6.247863
15.145309 6.232639
15.155974 6.217402
15.166640 6.202153
15.177306 6.186892
15.187971 6.171620
15.198637 6.156336
15.209303 6.141040
15.219968 6.125734
15.230634 6.110416
15.241300 6.095087
15.251966 6.079747
15.262631 6.064397
15.273297 6.049036
15.283963 6.033665
15.294628 6.018284
15.305294 6.002892
15.315960 5.987491
15.326626 5.972080
15.337291 5.956659
15.347957 5.941229
15.358623 5.925789
15.369288 5.910341
15.379954 5.894883
15.390620 5.879417
15.401286 5.863941
15.411951 5.848458
15.422617 5.832966
15.433283 5.817465
15.443948 5.801957
15.454614 5.786441
15.465280 5.770917
15.475946 5.755385
15.486611 5.739846
15.497277 5.724299
15.507943 5.708746
15.518608 5.693185
15.529274 5.677618
15.539940 5.662044
15.550605 5.646463
15.561271 5.630876
15.571937 5.615282
15.582603 5.599683
15.593268 5.584078
15.603934 5.568467
15.614600 5.552850
15.625265 5.537228
15.635931 5.521600
15.646597 5.505968
15.657263 5.490330
15.667928 5.474688
15.678594 5.459040
15.689260 5.443389
15.699925 5.427733
15.710591 5.412072
15.721257 5.396408
15.731923 5.380740
15.742588 5.365068
15.753254 5.349392
15.763920 5.333713
15.774585 5.318031
15.785251 5.302345
15.795917 5.286656
15.806583 5.270965
15.817248 5.255271
15.827914 5.239575
15.838580 5.223876
15.849245 5.208174
15.859911 5.192471
15.870577 5.176766
15.881243 5.161059
15.891908 5.145351
15.902574 5.129641
15.913240 5.113930
15.923905 5.098218
15.934571 5.082504
15.945237 5.066790
15.955902 5.051076
15.966568 5.035360
15.977234 5.019645
15.987900 5.003929
15.998565 4.988213
16.009231 4.972497
16.019897 4.956782
16.030562 4.941067
16.041228 4.925353
16.051894 4.909639
16.062560 4.893926
16.073225 4.878214
16.083891 4.862504
16.094557 4.846795
16.105222 4.831087
16.115888 4.815381
16.126554 4.799677
16.137220 4.783975
16.147885 4.768275
16.158551 4.752577
16.169217 4.736882
16.179882 4.721189
16.190548 4.705499
16.201214 4.689812
16.211880 4.674128
16.222545 4.658447
16.233211 4.642770
16.243877 4.627096
16.254542 4.611426
16.265208 4.595759
16.275874 4.580097
16.286539 4.564439
16.297205 4.548785
16.307871 4.533135
16.318537 4.517491
16.329202 4.501850
16.339868 4.486215
16.350534 4.470585
16.361199 4.454960
16.371865 4.439341
16.382531 4.423727
16.393197 4.408119
16.403862 4.392517
16.414528 4.376920
16.425194 4.361330
16.435859 4.345746
16.446525 4.330169
16.457191 4.314598
16.467857 4.299034
16.478522 4.283477
16.489188 4.267927
16.499854 4.252384
16.510519 4.236848
16.521185 4.221320
16.531851 4.205800
16.542517 4.190288
16.553182 4.174783
16.563848 4.159287
16.574514 4.143799
16.585179 4.128320
16.595845 4.112849
16.606511 4.097387
16.617177 4.081934
16.627842 4.066490
16.638508 4.051055
16.649174 4.035630
16.659839 4.020214
16.670505 4.004807
16.681171 3.989411
16.691836 3.974024
16.702502 3.958648
16.713168 3.943282
16.723834 3.927927
16.734499 3.912582
16.745165 3.897247
16.755831 3.881924
16.766496 3.866612
16.777162 3.851311
16.787828 3.836021
16.798494 3.820743
16.809159 3.805476
16.819825 3.790221
16.830491 3.774978
16.841156 3.759747
16.851822 3.744529
16.862488 3.729323
16.873154 3.714129
16.883819 3.698948
16.894485 3.683780
16.905151 3.668625
16.915816 3.653484
16.926482 3.638355
16.937148 3.623240
16.947814 3.608139
16.958479 3.593051
16.969145 3.577977
16.979811 3.562917
16.990476 3.547872
17.001142 3.532840
17.011808 3.517824
17.022474 3.502822
17.033139 3.487834
17.043805 3.472862
17.054471 3.457905
17.065136 3.442963
17.075802 3.428036
17.086468 3.413125
17.097133 3.398229
17.107799 3.383350
17.118465 3.368486
17.129131 3.353639
17.139796 3.338807
17.150462 3.323992
17.161128 3.309194
17.171793 3.294413
17.182459 3.279648
17.193125 3.264900
17.203791 3.250169
17.214456 3.235456
17.225122 3.220760
17.235788 3.206082
17.246453 3.191421
17.257119 3.176779
17.267785 3.162154
17.278451 3.147547
17.289116 3.132959
17.299782 3.118389
17.310448 3.103838
17.321113 3.089306
17.331779 3.074792
17.342445 3.060297
17.353111 3.045822
17.363776 3.031366
17.374442 3.016929
17.385108 3.002512
17.395773 2.988115
17.406439 2.973737
17.417105 2.959380
17.427770 2.945043
17.438436 2.930726
17.449102 2.916429
17.459768 2.902153
17.470433 2.887898
17.481099 2.873664
17.491765 2.859450
17.502430 2.845258
17.513096 2.831087
17.523762 2.816938
17.534428 2.802810
17.545093 2.788703
17.555759 2.774619
17.566425 2.760557
17.577090 2.746516
17.587756 2.732498
17.598422 2.718503
17.609088 2.704530
17.619753 2.690579
17.630419 2.676652
17.641085 2.662747
17.651750 2.648866
17.662416 2.635007
17.673082 2.621172
17.683748 2.607361
17.694413 2.593573
17.705079 2.579809
17.715745 2.566069
17.726410 2.552353
17.737076 2.538661
17.747742 2.524994
17.758408 2.511350
17.769073 2.497732
17.779739 2.484138
17.790405 2.470569
17.801070 2.457025
17.811736 2.443506
17.822402 2.430013
17.833067 2.416545
17.843733 2.403102
17.854399 2.389685
17.865065 2.376294
17.875730 2.362928
17.886396 2.349589
17.897062 2.336276
17.907727 2.322989
17.918393 2.309729
17.929059 2.296495
17.939725 2.283288
17.950390 2.270108
17.961056 2.256955
17.971722 2.243829
17.982387 2.230730
17.993053 2.217659
18.003719 2.204615
18.014385 2.191598
18.025050 2.178610
18.035716 2.165649
18.046382 2.152716
18.057047 2.139811
18.067713 2.126935
18.078379 2.114087
18.089045 2.101267
18.099710 2.088477
18.110376 2.075714
18.121042 2.062981
18.131707 2.050277
18.142373 2.037602
18.153039 2.024956
18.163704 2.012340
18.174370 1.999753
18.185036 1.987196
18.195702 1.974668
18.206367 1.962171
18.217033 1.949703
18.227699 1.937266
18.238364 1.924858
18.249030 1.912482
18.259696 1.900135
18.270362 1.887820
18.281027 1.875535
18.291693 1.863281
18.302359 1.851058
18.313024 1.838866
18.323690 1.826705
18.334356 1.814576
18.345022 1.802478
18.355687 1.790411
18.366353 1.778377
18.377019 1.766374
18.387684 1.754403
18.398350 1.742464
18.409016 1.730558
18.419682 1.718684
18.430347 1.706842
18.441013 1.695032
18.451679 1.683256
18.462344 1.671512
18.473010 1.659801
18.483676 1.648123
18.494342 1.636478
18.505007 1.624866
18.515673 1.613288
18.526339 1.601743
18.537004 1.590232
18.547670 1.578754
18.558336 1.567310
18.569001 1.555900
18.579667 1.544524
18.590333 1.533183
18.600999 1.521875
18.611664 1.510602
18.622330 1.499363
18.632996 1.488159
18.643661 1.476990
18.654327 1.465855
18.664993 1.454756
18.675659 1.443691
18.686324 1.432662
18.696990 1.421667
18.707656 1.410709
18.718321 1.399785
18.728987 1.388897
18.739653 1.378045
18.750319 1.367229
18.760984 1.356448
18.771650 1.345704
18.782316 1.334995
18.792981 1.324323
18.803647 1.313687
18.814313 1.303088
18.824979 1.292525
18.835644 1.281998
18.846310 1.271509
18.856976 1.261056
18.867641 1.250640
18.878307 1.240261
18.888973 1.229920
18.899638 1.219615
18.910304 1.209348
18.920970 1.199119
18.931636 1.188927
18.942301 1.178772
18.952967 1.168656
18.963633 1.158577
18.974298 1.148536
18.984964 1.138533
18.995630 1.128569
19.006296 1.118642
19.016961 1.108754
19.027627 1.098905
19.038293 1.089093
19.048958 1.079321
19.059624 1.069587
19.070290 1.059892
19.080956 1.050237
19.091621 1.040620
19.102287 1.031042
19.112953 1.021503
19.123618 1.012004
19.134284 1.002544
19.144950 0.993124
19.155616 0.983743
19.166281 0.974402
19.176947 0.965100
19.187613 0.955839
19.198278 0.946617
19.208944 0.937436
19.219610 0.928295
19.230276 0.919193
19.240941 0.910133
19.251607 0.901112
19.262273 0.892132
19.272938 0.883193
19.283604 0.874294
19.294270 0.865437
19.304935 0.856619
19.315601 0.847843
19.326267 0.839108
19.336933 0.830414
19.347598 0.821761
19.358264 0.813150
19.368930 0.804580
19.379595 0.796051
19.390261 0.787564
19.400927 0.779118
19.411593 0.770715
19.422258 0.762353
19.432924 0.754032
19.443590 0.745754
19.454255 0.737518
19.464921 0.729324
19.475587 0.721172
19.486253 0.713062
19.496918 0.704995
19.507584 0.696970
19.518250 0.688988
19.528915 0.681048
19.539581 0.673151
19.550247 0.665296
19.560913 0.657485
19.571578 0.649716
19.582244 0.641991
19.592910 0.634308
19.603575 0.626669
19.614241 0.619072
19.624907 0.611519
19.635573 0.604010
19.646238 0.596544
19.656904 0.589121
19.667570 0.581742
19.678235 0.574406
19.688901 0.567115
19.699567 0.559867
19.710232 0.552663
19.720898 0.545503
19.731564 0.538386
19.742230 0.531314
19.752895 0.524287
19.763561 0.517303
19.774227 0.510364
19.784892 0.503468
19.795558 0.496618
19.806224 0.489812
19.816890 0.483050
19.827555 0.476333
19.838221 0.469661
19.848887 0.463034
19.859552 0.456451
19.870218 0.449913
19.880884 0.443420
19.891550 0.436972
19.902215 0.430570
19.912881 0.424212
19.923547 0.417900
19.934212 0.411633
19.944878 0.405411
19.955544 0.399235
19.966210 0.393104
19.976875 0.387018
19.987541 0.380978
19.998207 0.374984
20.008872 0.369036
20.019538 0.363133
20.030204 0.357276
20.040869 0.351465
20.051535 0.345700
20.062201 0.339980
20.072867 0.334307
20.083532 0.328680
20.094198 0.323099
20.104864 0.317565
20.115529 0.312076
20.126195 0.306634
20.136861 0.301238
20.147527 0.295889
20.158192 0.290586
20.168858 0.285330
20.179524 0.280120
20.190189 0.274957
20.200855 0.269841
20.211521 0.264771
20.222187 0.259748
20.232852 0.254772
20.243518 0.249843
20.254184 0.244960
20.264849 0.240125
20.275515 0.235337
20.286181 0.230595
20.296847 0.225901
20.307512 0.221254
20.318178 0.216655
20.328844 0.212102
20.339509 0.207597
20.350175 0.203139
20.360841 0.198729
20.371507 0.194366
20.382172 0.190050
20.392838 0.185782
20.403504 0.181562
20.414169 0.177389
20.424835 0.173264
20.435501 0.169187
20.446166 0.165157
20.456832 0.161175
20.467498 0.157241
20.478164 0.153354
20.488829 0.149516
20.499495 0.145725
20.510161 0.141983
20.520826 0.138288
20.531492 0.134641
20.542158 0.131043
20.552824 0.127493
20.563489 0.123990
20.574155 0.120536
20.584821 0.117130
20.595486 0.113773
20.606152 0.110463
20.616818 0.107202
20.627484 0.103990
20.638149 0.100825
20.648815 0.097709
20.659481 0.094642
20.670146 0.091623
20.680812 0.088652
20.691478 0.085730
20.702144 0.082857
20.712809 0.080032
20.723475 0.077255
20.734141 0.074528
20.744806 0.071849
20.755472 0.069218
20.766138 0.066637
20.776803 0.064104
20.787469 0.061620
20.798135 0.059184
20.808801 0.056798
20.819466 0.054460
20.830132 0.052171
20.840798 0.049932
20.851463 0.047741
20.862129 0.045598
20.872795 0.043505
20.883461 0.041461
20.894126 0.039466
20.904792 0.037520
20.915458 0.035623
20.926123 0.033774
20.936789 0.031975
20.947455 0.030225
20.958121 0.028525
20.968786 0.026873
20.979452 0.025270
20.990118 0.023717
21.000783 0.022212
21.011449 0.020757
21.022115 0.019351
21.032781 0.017995
21.043446 0.016687
21.054112 0.015429
21.064778 0.014220
21.075443 0.013060
21.086109 0.011949
21.096775 0.010888
21.107441 0.009876
21.118106 0.008914
21.128772 0.008000
21.139438 0.007136
21.150103 0.006322
21.160769 0.005556
21.171435 0.004840
21.182100 0.004174
21.192766 0.003556
21.203432 0.002988
21.214098 0.002470
21.224763 0.002000
21.235429 0.001581
21.246095 0.001210
21.256760 0.000889
21.267426 0.000617
21.278092 0.000395
21.288758 0.000222
21.299423 0.000099
21.310089 0.000025
21.320755 0.000000
